1781165791 1781165685
1781165796 1781165685
1781165801 1781165685
1781165806 1781165685
1781165811 1781165685
1781165816 1781165685
1781165821 1781165685
1781165826 1781165685
1781165831 1781165685
1781165836 1781165685
1781165841 1781165685
1781165846 1781165685
1781165851 1781165685
1781165856 1781165685
1781165861 1781165685
1781165866 1781165866
1781165871 1781165866
1781165876 1781165866
1781165881 1781165866
1781165886 1781165866
1781165891 1781165866
1781165896 1781165866
1781165901 1781165866
1781165906 1781165866
1781165911 1781165866
1781165916 1781165866
1781165921 1781165866
1781165926 1781165866
1781165931 1781165866
1781165936 1781165866
1781165941 1781165866
1781165946 1781165866
1781165951 1781165866
1781165956 1781165866
1781165961 1781165866
1781165966 1781165866
1781165971 1781165866
1781165976 1781165866
1781165981 1781165866
1781165986 1781165866
1781165991 1781165866
1781165996 1781165866
1781166001 1781165866
1781166006 1781165866
1781166011 1781165866
1781166016 1781165866
